$ANSIBLE_VAULT;1.1;AES256
36363233323563326239346335346161646131303239323066393762633637313666323930633532
3362623035303064336166363239326565346631343036340a396334373063396332303630613161
38613135306639616138386230323162636536346464383632393537336336323265313434623763
6235663130353462380a333564373561346336346230393735373265643064383563313565656661
65643130613432303865363631663866356131646436316661386635653937313433636535363834
37373335356130303138393664306462373338663164303764303064623835303339626365376662
32386232323161613965643764323532653538663864383462663966373765663130353930663533
36363432333336313331616635633939323063653139333433343730343964396466316661346363
34326664613563666431316439633632356139663165303838356665363365666337663664633664
63323239306238616234336432616138383166623065346335373934393762383430353063376235
38366434343339363437333233363466303836313034663137626537363263643664376564373937
35626339376332633463646438643234623036393434336330323133316339333465316637306661
34303531326238633631616163323164343337303663333735303139363034393134643663356666
65643637353234386537376663303361663563393930326435346363313431313635616438303630
37346638353532663165633365346365646232306265386233363731343761396637353136653832
37656133633964653334376361613561643332633935313666336232303237306163666566653534
30373163393961633933336135616131313232363737643339613939303438373638663035313033
39666238323436306132353830303539663339343938653466353066313839383566383137633136
34393939333864613237336635363365306261613233396362356665663233623966613866626633
38643038303536363033363739316331376532323534633633666430323738303061333335326136
32653766666461666638383364613462363437396232366636393531343336623334363935306263
30356630306437306632616637343139666231616161613661376434373264346536393164653631
63383863353964303338303035633939633138383531333733383536303933336132336239656639
30663534613831336636333961326261613761306561306638613363373762353962633534613038
64383133623433313161306638376464343165396231366165316336363834393838366261336234
32663532623238383466383163346135613237373662663766393431363338336334313839346331
39353064376435343532383635343961313231613064373438323366613935666266376561323665
39656266643436356637616166623462316536376663393338653262376634326466346530346536
61363230623836306632386432363135633434386338393963613936343938393337343963663162
37633264636235313137643132626664343962616461363939363930643937616430326533316633
61373630623130303336653636393734373761346461356665656665653462653664643631363364
36376665653565653964393363386536373836613932623064663036623062653066363462636431
33306536343135396637326565623163633334643539646138633330613466303239343239613930
38343938363766663034383865323231653138373863643462633032366637316635363439393764
31663465653138306533346264633638313464356230646635343661646131383564333639383231
61613837613965383633623839663837643364303037376363343636373538653630633362393331
38613939373362363666333132623030313162356435356230313533646339396635323464326431
36643163643165626538633139383430316230613664663862656236316361613737373239393030
31376537653238313639356564336534616139666265306363303561666330326131393231613935
32643033623665313964653133323666333866663838343963336162373936623966663464396432
32386565396262316334303637353461623133373362653563383765323930376234383331666666
32363234643839666336613433653433306463643037343230626362613534663137323930356532
35393863623933366565366235333234303661346565333134333964376434383135333930326135
37396238363665393333333366626434326535636435626232373432383532336639636365343637
34666330363665376461383937343566353564373439313533313736376634393032363736383763
65376537366431323437336362313961656164333130653564326135643331313365643863366637
33316461653665313664366336356231363335343339313965616361356536623230343464306238
34363063633632623830363232343565356239623465663662386636383965636566336134386330
30643734316664343037663231653766356366616637666564383037353639303931303538336162
65393232326264363966303834393331383634353730663462313461373466343139303830636630
63313163633266306165323765306631303030326361323661633337353932383032623834616537
37356665303938646232336563373030636536326539323466346432353662336334626564356539
36306333616433623737663535666163613835333933396631663066313239313662366235656663
36356338623331643861623065333065386239663637313133656564363664323362643264333033
36366239303264613366653631636139636237633534306439663636323061316364623962366639
36396362326437393261333461613963396333396337373234326639383165346161316162653838
30383765383433643862373236393766646336313236616438386238626237366563303836663538
31633132386239633438393766363463653433343563623062653766306630353632666565336133
34333632393866336232356665386263356663333965623235633035383335393464666266323734
32363862376265626664366234366263343438653137653462386433346365656433333765303562
36613334396136633539393032313139353831643335363333363735623363333435323730343663
66663330653232366334333732333162343831613138326561653234323033653735383439626666
38643465643666656264386562353165623064633765346265666165383436356239623138623534
39643930313664373237653235333534353034613462336231653165636339316262316165313339
32303735646139303531326334313333353066646165353339383832633561316432636664616462
37353734343430643333316438383762633632616635653936396236376436373539653663383562
34613332626434643064663337343932623036333365613364666434313731626661393561663830
62666564383030646561343264636563363237656265303933333235393962633331316338313062
35343736636436343365306265333038633630373938303430313737326438343039376463323763
64353930623835396464323566396461326439303134376434653266303838653638663531643261
39336333316161663931646237356133336332346539323962623036363035343830336161666439
34663237663831316639386430636639343433616437373464353537666536306434343335653032
63663435373238326639656661343162633137396661373237323639643261626163353164346132
62353066653736616465363734326435613131343734323433643834613936613538623538613834
39363265613064663539396431633461316161653932303037363837613365326236393063383133
65636332323538383237323063343935303835343465333632303331626236626266303466626162
63363638356132356666343831396438303032313464633833643564363430353762353030663564
32393861396136663535666137633762366462363433373432356432346634643164613363316334
33326334343064643839303534646239303164336163333231323366623538306239333639616465
61653964353432663130333030643461396165336136646331653234376532636465383138396666
37323239653331343361393565336530636335333565373164656461633064616637356161356164
61363832613966396263386461646364613434316632336533666139383365353235393561313537
33353734363033396364313063633337303162303465646561313730373131663362623137646131
35353838663036356664363337376339326634626237616136326135383436386365326638316333
34363961353266333334393432376438626564653733616236666361643164326435646537663861
36653562353231313662383530623666386263656231316266643062373366343333633932313533
37343465333561303461313831643632636633373634383139386166393335663338666438373065
64396432303137313132663934633063343062653261333632633534333663666339663130663033
65623364356531343732393239336639386338613639373532373434386633383732363465326232
38363663316431663330636163393736613364613062666336613439323236386434303266326433
31653563643062373632333939303763353537353931346536656132373663373664353166363265
31653236663838633534306435396436343839663039643631383232643632666235623135386535
39663137326265666331316466323135316463316463343436383361666463316439643136313865
36303734636538656638306465336436666434396335313964393530326436383837653933383137
64353336326138356466636536306262333034623831626166353563323939336233663431383630
64313965343239353362353264373037646334613266393433373863653235613061303135373939
36343265353737356331363361643562666233653035656562393164366562373731313535393864
65656234666336313964356337656438393437633732663861623562333932346333386139386230
33623364306364346466306166636664633462646336376639393936613033386164663035396432
64343038366239323234626135613637313636353631336231613664396332303332366164356133
30623431383230343633633766386531316331396535613830343063303533613535653036613361
61363034336538653063633766656439393263633131346638336136396561353230643566633835
33376130343664313336363435376162326136326631386139646133373338663437373761386430
31323737353464313066636266336438396461623763656635333438313733643130383435376238
33613266326231346435363535646337353031386235356239326633306436636261356235626161
34373234393664656432373235326333363931363332363739646231653932323865386635623639
61386163633534396635326233633162343635303234396536333866396363623965373837316166
39343131616138383139386531626236633763623666633564656465653864366261383431363134
35633965353436623732633033383665623762613332643564376532353133316636626339366334
31346538376461383865656135613834623533646631356164353337346163306233373734393962
33623531306335393263643936383765313634663334343866656238663361303932613037393464
34356263653264333666313639626462646632623964383463666433326339626338373238376637
63313365616537316235613766643962343831663139666334393939306162313532396534396462
66326166306535336137333031376265363632653662336462666631393164333439383031326562
36373530623662306536346163376366363037373736303434383331373037623639363737323339
35633465373331363537623339363062663364353732633961373866323063313965323537643862
62353034396538343232316536303761316233336533623936323033303038393530666436663363
33643066353562356234646332376235336136336262313830626362363734363730373433306263
35306331373031613335313032303632303864396236646365326631306361386434333864333239
66323930653931393532656332376238613934333866323665333636343031356434386632343066
61623534633264353538643539363364376431616563613534316537306164396364323765356566
33663332613862353936356137353439376439616131333862653634383238353332303836346239
30623231353765653866636534343030323835643637363966633633333335353266643262633764
63613063366461373136323832316130333030393835356239626433353861666333616365616634
31353365643165343363316238623237306565633435323532663939303661353461386432303866
33353063306134326534646538613662356136663334633063343837613730393332356638613537
62373965366334633664636364336339616538633835366136623734656631333536656333643738
62316635353630373430666538323330333235633830386130346561613933663762656164336332
38306132306363346634323030636231343034393266356131376665663332316566306436353035
39626434363839323136353233383437656362383463336462363738633631373135623236396337
66326263363161653432633937663761356166356264396431323833333934646631353865363130
33313531323061303731636261333232316238663061343064373262313137353537663732383761
65616431326334313934396336376563626561373930323330373034333834356532613661333632
64633262343064306630663631643735653161643064666665616232363635643237326638323566
356336663461653237376139396534333462
